# H0 logA ns ombh2 omch2 tau A_planck
1.016265932755005652e+00 4.650673896175559069e-02 6.214429823135071869e-03 2.324937939068396405e-04 -1.937901774515651170e-03 1.200140012869240760e-03 2.443938945597213738e-02
4.650673896175559069e-02 1.932803439419896949e-02 2.860597799383589801e-04 1.447968151233797239e-05 -7.383853463144774874e-05 5.517890219811626975e-05 9.849346655296777053e-03
6.214429823135071869e-03 2.860597799383589801e-04 5.259730799172485463e-05 1.408415767563926219e-06 -1.193911146037190785e-05 9.262917366490494299e-06 1.485078565998121662e-04
2.324937939068396405e-04 1.447968151233797239e-05 1.408415767563926219e-06 6.965342232682944008e-08 -3.951890508230042921e-07 2.973423266639203138e-07 7.416543917478329688e-06
-1.937901774515651170e-03 -7.383853463144774874e-05 -1.193911146037190785e-05 -3.951890508230042921e-07 4.070475850004278037e-06 -2.232780542836013439e-06 -3.982503209890855215e-05
1.200140012869240760e-03 5.517890219811626975e-05 9.262917366490494299e-06 2.973423266639203138e-07 -2.232780542836013439e-06 3.380138437555271888e-05 -4.295817481420450860e-06
2.443938945597214432e-02 9.849346655296777053e-03 1.485078565998121391e-04 7.416543917478330535e-06 -3.982503209890855215e-05 -4.295817481420450860e-06 5.066875727648358432e-03
