# logA ns theta_MC_100 ombh2 omch2 w wa tau A_planck
1.766142606648122041e-04 1.979034363285253438e-06 7.789347188125310877e-07 1.052843947285697034e-07 2.299859357186102508e-06 2.358390573263254863e-05 -2.089242594311304757e-04 7.012391099201121690e-05 1.258838777462211897e-05
1.979034363285253438e-06 2.821893410939173505e-05 7.691539823814875663e-07 5.204320482006825662e-07 -3.963742956736514019e-06 -1.026367684206778210e-04 6.799214947678640462e-04 4.677666455830060196e-06 1.087854751861433056e-09
7.789347188125310877e-07 7.691539823814875663e-07 3.233059861614670309e-07 4.013645587728867196e-08 2.190778903248632306e-08 -6.353419453014021113e-06 3.666629570692141031e-05 1.176302770429864331e-07 -2.766151433801134350e-09
1.052843947285697034e-07 5.204320482006825662e-07 4.013645587728867196e-08 3.663520527991012326e-08 -1.174041870020349705e-07 -3.369899393408868245e-06 2.310275134878449251e-05 1.080042580807462364e-07 -2.918738724443590551e-09
2.299859357186102508e-06 -3.963742956736514019e-06 2.190778903248632306e-08 -1.174041870020349705e-07 1.534987627806179731e-06 3.250305845597231875e-05 -2.205834899010187850e-04 -6.863242746477753946e-07 4.359157129643364703e-09
2.358390573263254863e-05 -1.026367684206778210e-04 -6.353419453014020266e-06 -3.369899393408868245e-06 3.250305845597231875e-05 3.845326586313903717e-03 -1.491782344326357188e-02 -2.107676674326635767e-05 4.402449330545524730e-08
-2.089242594311304757e-04 6.799214947678640462e-04 3.666629570692141031e-05 2.310275134878449251e-05 -2.205834899010187850e-04 -1.491782344326357188e-02 7.041314666518429244e-02 1.285191380766142501e-04 -4.079150986317827645e-06
7.012391099201121690e-05 4.677666455830060196e-06 1.176302770429864331e-07 1.080042580807462364e-07 -6.863242746477755005e-07 -2.107676674326635767e-05 1.285191380766142501e-04 3.607664862176060210e-05 -2.865874844206995657e-07
1.258838777462211897e-05 1.087854751861522185e-09 -2.766151433801123183e-09 -2.918738724443595928e-09 4.359157129643387036e-09 4.402449330545203784e-08 -4.079150986317827645e-06 -2.865874844206996186e-07 6.516778236293924932e-06
